canvas 800 600 255 255 255
polygon 5 800 0 800 600 0 600 0 0 800 0 0 0 0 1 0
fill 400 300  0 255 255 255 255 255 255
line 160 547 159 242 0 0 0 1 0
line 632 244 161 243 0 0 0 1 0
line 633 243 631 558 0 0 0 1 0
line 635 244 800 3 0 0 0 1 0
line 160 242 14 4 0 0 0 1 0
line 161 464 159 598 0 0 0 1 0
line 632 480 632 599 0 0 0 1 0
polygon 5 298 540 485 541 483 388 299 384 298 540 0 0 0 1 0
polygon 5 289 549 501 553 500 380 290 370 289 549 0 0 0 1 0
line 388 542 389 383 0 0 0 1 0
line 407 542 405 385 0 0 0 1 0
polygon 5 203 478 252 478 250 411 201 412 203 478 0 0 0 1 0
line 203 445 253 445 0 0 0 1 0
fill 491 400  0 212 175 55 212 175 55
fill 396 408  0 212 175 55 212 175 55
polygon 5 291 370 291 363 498 369 500 379 291 370 0 0 0 1 0
fill 463 373  0 0 0 0 0 0 0
polygon 5 275 304 292 362 499 369 460 302 275 304 0 0 0 1 0
polygon 5 276 304 276 205 287 205 288 304 276 304 0 0 0 1 0
polygon 5 448 301 440 204 457 204 459 301 448 301 0 0 0 1 0
polygon 5 493 358 494 238 504 245 499 366 493 358 0 0 0 1 0
polygon 5 320 304 320 213 337 213 332 301 320 304 0 0 0 1 0
polygon 5 405 302 405 272 460 271 460 301 405 302 0 0 0 1 0
line 461 272 495 323 0 0 0 1 0
polygon 5 358 358 400 358 400 337 359 335 358 358 0 0 0 1 0
polygon 5 360 335 348 324 389 322 400 337 360 335 0 0 0 1 0
polygon 5 288 336 322 337 322 322 287 323 288 336 0 0 0 1 0
polygon 6 288 336 322 337 322 322 287 323 288 336 288 336 0 0 0 1 0
polygon 5 323 323 323 337 341 365 346 352 323 323 0 0 0 1 0
line 290 337 310 361 0 0 0 1 0
line 312 363 342 362 0 0 0 1 0
line 427 287 441 287 212 175 55 4 0
line 339 361 309 359 0 0 0 1 0
fill 455 346  0 245 245 220 245 245 220
fill 482 319  0 245 245 220 245 245 220
fill 426 273  0 245 245 220 245 245 220
fill 451 273  0 245 245 220 245 245 220
fill 334 339  0 240 240 240 240 240 240
fill 313 330  0 240 240 240 240 240 240
fill 321 347  1 255 0 0 0 0 255
line 317 538 321 384 0 0 0 1 0
line 339 538 340 388 0 0 0 1 0
line 365 539 365 389 0 0 0 1 0
line 431 541 429 393 0 0 0 1 0
line 464 540 458 393 0 0 0 1 0
line 301 514 388 510 0 0 0 1 0
line 299 484 390 483 0 0 0 1 0
line 301 437 388 441 0 0 0 1 0
line 301 411 387 411 0 0 0 1 0
line 299 467 390 462 0 0 0 1 0
line 410 519 484 517 0 0 0 1 0
line 409 492 488 498 0 0 0 1 0
line 407 463 489 464 0 0 0 1 0
line 406 441 485 440 0 0 0 1 0
line 406 415 487 413 0 0 0 1 0
fill 352 395  0 50 205 50 50 205 50
fill 310 392  0 50 205 50 50 205 50
fill 334 420  0 50 205 50 50 205 50
fill 351 420  0 50 205 50 50 205 50
fill 424 403  0 50 205 50 50 205 50
fill 447 424  0 50 205 50 50 205 50
fill 418 422  0 50 205 50 50 205 50
fill 473 422  0 50 205 50 50 205 50
fill 378 523  0 0 191 255 0 191 255
fill 353 504  0 0 191 255 0 191 255
fill 345 524  0 0 191 255 0 191 255
fill 330 524  0 0 191 255 0 191 255
fill 330 501  0 0 191 255 0 191 255
fill 375 490  0 0 191 255 0 191 255
fill 377 463  0 0 191 255 0 191 255
fill 377 466  0 0 191 255 0 191 255
fill 376 449  0 0 191 255 0 191 255
fill 352 452  0 0 191 255 0 191 255
fill 351 472  0 0 191 255 0 191 255
fill 331 472  0 0 191 255 0 191 255
fill 331 457  0 0 191 255 0 191 255
fill 313 475  0 0 191 255 0 191 255
fill 419 480  0 0 191 255 0 191 255
fill 446 476  0 0 191 255 0 191 255
fill 480 479  0 0 191 255 0 191 255
fill 471 518  0 0 191 255 0 191 255
fill 449 503  0 0 191 255 0 191 255
fill 452 524  0 0 191 255 0 191 255
fill 473 506  0 0 191 255 0 191 255
fill 472 452  0 0 191 255 0 191 255
fill 436 451  0 0 191 255 0 191 255
fill 421 451  0 0 191 255 0 191 255
fill 457 324  0 240 255 240 240 255 240
fill 479 313  0 240 255 240 240 255 240
fill 435 280  0 240 255 240 240 255 240
fill 451 277  0 240 255 240 240 255 240
fill 446 218  0 0 0 0 0 0 0
fill 450 253  0 0 0 0 0 0 0
fill 499 251  0 0 0 0 0 0 0
fill 497 242  0 0 0 0 0 0 0
fill 282 221  0 0 0 0 0 0 0
fill 282 260  0 0 0 0 0 0 0
fill 328 230  0 0 0 0 0 0 0
fill 329 256  0 0 0 0 0 0 0
fill 378 323  0 0 0 0 0 0 0
fill 379 325  0 0 0 0 0 0 0
fill 383 348  0 0 0 255 0 0 255
line 62 265 2 190 0 0 0 1 0
line 63 264 164 216 0 0 0 1 0
line 164 216 54 72 0 0 0 1 0
line 2 116 55 72 0 0 0 1 0
polygon 5 164 214 166 102 153 97 150 193 164 214 0 0 0 1 0
polygon 5 69 91 72 29 59 27 57 71 69 91 0 0 0 1 0
polygon 5 125 163 125 136 166 178 164 214 125 163 0 0 0 1 0
polygon 5 2 47 12 48 13 107 5 115 2 47 0 0 0 1 0
fill 61 47  0 0 0 0 0 0 0
fill 160 108  0 0 0 0 0 0 0
fill 9 70  0 0 0 0 0 0 0
fill 160 181  0 240 255 240 240 255 240
fill 138 166  0 240 255 240 240 255 240
fill 144 198  0 240 255 240 240 255 240
line 4 191 4 114 0 0 0 1 0
fill 99 167  0 240 255 240 240 255 240
polygon 5 75 204 34 228 62 265 104 245 75 204 0 0 0 1 0
polygon 5 76 204 74 188 34 208 35 225 76 204 0 0 0 1 0
polygon 5 76 191 76 205 104 244 107 225 76 191 0 0 0 1 0
fill 95 219  0 253 253 205 253 253 205
fill 62 202  0 253 253 205 253 253 205
fill 314 326  0 253 253 205 253 253 205
fill 330 340  0 253 253 205 253 253 205
fill 61 236  1 255 0 0 0 0 255
line 330 325 409 330 0 0 0 3 0
line 409 329 397 246 0 0 0 3 0
line 340 249 395 246 0 0 0 3 0
line 333 324 341 248 0 0 0 3 0
line 342 251 338 194 0 0 0 3 0
line 356 247 356 222 0 0 0 3 0
line 396 246 389 196 0 0 0 3 0
line 395 250 412 271 0 0 0 3 0
line 412 271 414 222 0 0 0 3 0
fill 369 266  0 165 42 42 165 42 42
fill 385 319  0 165 42 42 165 42 42
line 127 125 128 67 0 0 0 3 0
line 128 126 192 129 0 0 0 3 0
line 192 129 190 74 0 0 0 3 0
line 194 129 214 162 0 0 0 3 0
line 214 162 216 102 0 0 0 3 0
line 215 164 169 168 0 0 0 3 0
line 169 169 131 128 0 0 0 3 0
line 214 165 205 248 0 0 0 3 0
line 193 130 151 223 0 0 0 3 0
line 151 224 203 246 0 0 0 3 0
fill 205 194  0 165 42 42 165 42 42
fill 205 157  0 165 42 42 165 42 42
fill 172 140  0 165 42 42 165 42 42
fill 148 141  0 165 42 42 165 42 42
fill 155 142  0 165 42 42 165 42 42
fill 162 207  0 165 42 42 165 42 42
fill 159 214  0 165 42 42 165 42 42
line 174 125 174 103 0 0 0 3 0
line 501 446 631 449 0 0 0 1 0
line 500 444 633 213 0 0 0 1 0
line 635 212 772 264 0 0 0 1 0
line 772 264 634 449 0 0 0 1 0
line 635 212 615 38 0 0 0 1 0
line 621 92 506 291 0 0 0 1 0
line 506 288 632 314 0 0 0 1 0
line 775 125 635 314 0 0 0 1 0
line 622 92 776 125 0 0 0 1 0
line 773 263 777 125 0 0 0 1 0
line 777 125 772 43 0 0 0 1 0
line 644 215 628 39 0 0 0 1 0
line 628 39 615 42 0 0 0 1 0
line 757 259 752 46 0 0 0 1 0
line 753 49 772 47 0 0 0 1 0
line 502 445 507 249 0 0 0 1 0
line 508 251 518 251 0 0 0 1 0
line 519 252 511 426 0 0 0 1 0
line 633 82 755 105 0 0 0 1 0
line 636 118 754 142 0 0 0 1 0
line 640 134 755 159 0 0 0 1 0
line 614 247 596 133 0 0 0 3 0
line 609 204 631 186 0 0 0 3 0
line 602 169 631 147 0 0 0 3 0
line 595 145 627 121 0 0 0 3 0
fill 631 107  0 0 0 0 0 0 0
fill 624 67  0 0 0 0 0 0 0
fill 767 81  0 0 0 0 0 0 0
fill 767 159  0 0 0 0 0 0 0
fill 514 263  0 0 0 0 0 0 0
fill 516 280  0 0 0 0 0 0 0
fill 516 300  0 0 0 0 0 0 0
polygon 5 501 447 637 447 774 263 633 213 501 447 0 0 0 3 0
polygon 5 621 95 512 289 636 316 777 126 621 95 0 0 0 3 0
fill 761 131  0 0 0 0 0 0 0
fill 760 53  0 0 0 0 0 0 0
line 637 136 752 159 0 0 0 3 0
line 636 118 757 142 0 0 0 3 0
line 634 82 755 104 0 0 0 3 0
fill 694 321  1 32 178 170 0 127 255
fill 602 330  1 32 178 170 0 127 255
fill 630 269  1 32 178 170 0 127 255
fill 656 245  1 32 178 170 0 127 255
line 641 217 642 274 0 0 0 3 0
line 642 274 772 307 0 0 0 3 0
line 772 307 771 267 0 0 0 3 0
line 639 254 775 287 0 0 0 3 0
line 642 232 772 274 0 0 0 3 0
line 596 281 617 300 0 0 0 3 0
line 617 300 577 381 0 0 0 3 0
line 577 381 551 361 0 0 0 3 0
line 505 447 511 487 0 0 0 3 0
line 511 487 635 502 0 0 0 3 0
line 635 500 640 445 0 0 0 3 0
line 511 474 642 478 0 0 0 3 0
line 509 462 640 458 0 0 0 3 0
line 518 317 569 324 0 0 0 3 0
line 517 307 574 313 0 0 0 3 0
line 140 165 154 179 212 175 55 3 0
fill 689 164  1 0 127 255 255 127 36
fill 710 174  1 0 127 255 255 127 36
fill 577 209  1 0 127 255 255 127 36
fill 580 261  1 0 127 255 255 127 36
fill 621 213  1 0 127 255 255 127 36
fill 623 173  1 0 127 255 255 127 36
fill 617 143  1 0 127 255 255 127 36
fill 616 122  1 0 127 255 255 127 36
fill 660 131  1 0 127 255 255 127 36
fill 676 116  1 0 127 255 255 127 36
fill 740 124  1 0 127 255 255 127 36
fill 730 151  1 0 127 255 255 127 36
polygon 5 554 248 581 259 555 292 531 283 554 248 0 0 0 1 0
polygon 6 554 248 581 259 555 292 531 283 554 248 554 248 0 0 0 1 0
fill 567 265  0 0 0 0 0 0 0
fill 581 550  0 250 235 215 250 235 215
fill 704 517  0 250 235 215 250 235 215
fill 170 238  0 250 235 215 250 235 215
fill 473 263  0 250 235 215 250 235 215
fill 430 258  0 250 235 215 250 235 215
fill 302 280  0 250 235 215 250 235 215
fill 750 210  0 250 235 215 250 235 215
fill 704 101  0 250 235 215 250 235 215
fill 546 303  0 250 235 215 250 235 215
fill 546 316  0 250 235 215 250 235 215
fill 540 356  0 250 235 215 250 235 215
fill 547 458  0 250 235 215 250 235 215
fill 582 468  0 250 235 215 250 235 215
fill 579 488  0 250 235 215 250 235 215
fill 743 114  0 250 235 215 250 235 215
fill 745 89  0 250 235 215 250 235 215
fill 33 497  0 250 235 215 250 235 215
fill 31 529  0 250 235 215 250 235 215
line 32 494 32 523 0 0 0 1 0
line 34 521 41 512 0 0 0 1 0
line 41 512 44 524 0 0 0 1 0
line 45 524 48 503 0 0 0 1 0
line 57 507 57 528 0 0 0 1 0
line 57 528 68 512 0 0 0 1 0
line 65 519 56 516 0 0 0 1 0
line 71 531 78 523 0 0 0 1 0
line 78 523 80 533 0 0 0 1 0
line 80 525 80 511 0 0 0 1 0
line 88 515 88 537 0 0 0 1 0
line 88 537 99 525 0 0 0 1 0
line 95 529 87 525 0 0 0 1 0
line 109 526 108 544 0 0 0 1 0
line 108 544 119 534 0 0 0 1 0
line 119 533 118 547 0 0 0 1 0
line 129 554 129 533 0 0 0 1 0
line 129 544 138 555 0 0 0 1 0
line 130 545 141 540 0 0 0 1 0
line 27 430 27 464 0 0 0 1 0
line 27 464 40 445 0 0 0 1 0
line 36 454 28 446 0 0 0 1 0
line 41 470 59 475 0 0 0 1 0
line 60 475 64 451 0 0 0 1 0
line 64 452 50 452 0 0 0 1 0
line 57 452 49 471 0 0 0 1 0
line 67 477 80 486 0 0 0 1 0
line 76 482 79 455 0 0 0 1 0
line 72 453 89 463 0 0 0 1 0
line 88 492 105 497 0 0 0 1 0
line 97 495 100 470 0 0 0 1 0
line 113 500 122 485 0 0 0 1 0
line 122 503 124 461 0 0 0 1 0
line 133 506 133 474 0 0 0 1 0
line 133 507 143 490 0 0 0 1 0
line 140 498 133 489 0 0 0 1 0
line 35 584 48 547 0 0 0 1 0
line 48 547 56 564 0 0 0 1 0
line 56 564 41 569 0 0 0 1 0
line 41 569 47 579 0 0 0 1 0
line 47 579 37 585 0 0 0 1 0
line 65 575 80 569 0 0 0 1 0
line 81 586 82 553 0 0 0 1 0
line 95 575 107 580 0 0 0 1 0
line 1 461 160 532 0 0 0 1 0
line 3 522 159 577 0 0 0 1 0
done
